component,label
1,Humorous educational content with diverse trivia topics.
2,Humorous storytelling and personal anecdotes in German.
3,German Comedy Skits with ASMR Elements
4,German-language personal stories and advice on relationships and parenting.
5,Radio Show Prank Calls and Relationship Drama
6,Dramatic storytelling and prank call narratives.
7,Humorous storytelling and prank calls from radio show accounts.
8,Dramatic storytelling and prank call radio show content.
9,Dramatic Relationship Stories and Prank Calls
10,Radio show prank calls and emotional storytelling.
11,Dramatic storytelling and relationship conflicts.
12,Humorous storytelling and prank call narratives.
13,Radio Show Prank Calls and Relationship Drama
14,Humorous storytelling and prank call narratives.
15,Humorous Storytime and Prank Call Narratives
16,Humorous storytelling and prank call anecdotes.
17,"Dramatic storytelling with shocking, emotional plot twists."
18,Prank Calls and Storytime Narratives
19,Prank Calls and Relationship Drama
20,Radio Show Prank Calls and Second Date Updates
21,Prank Calls and Relationship Drama Stories
22,Prank Calls and Awkward Relationship Conversations
23,Radio prank calls and relationship drama stories.
24,Radio Prank Calls and Storytime Narratives
25,Radio Show Prank Calls and Relationship Drama
26,Radio Show Comedy Skits and Dating Humor
27,Prank Calls and Relationship Drama Stories
28,Reddit Storytime Narrations with Dramatic Voiceovers
29,Radio Show Prank Calls and Relationship Drama
30,Radio Show Relationship Drama and Storytime Content
31,Brooke and Jubal Radio Show Storytime Narratives
32,Brooke and Jubal Radio Show Storytime Narratives
33,Brooke and Jubal Radio Show Storytime Narratives
34,Dramatic storytelling and personal anecdotes sharing.
35,Dramatic Storytelling and Relationship Drama Narratives
36,Dramatic storytelling through fictional personal anecdotes.
37,Radio Show Relationship Drama and Storytime Narratives
38,Dramatic text-based storytelling with suspenseful scenarios.
39,Dramatic relationship text stories with unexpected twists.
40,Radio Show Drama and Relationship Storytime
41,Dramatic fictional text message stories.
42,Dramatic Relationship Scenarios and Prank Calls
43,Dramatic relationship stories and pranks on radio show.
44,Brooke and Jubal Radio Show Storytime Narratives
45,Brooke and Jubal Radio Show Storytime Narratives
46,Dramatic Storytelling and Relationship Drama Narratives
47,Brooke and Jubal Radio Show Storytime Narratives
48,Dramatic Relationship and Family Conflict Storytelling
49,Dramatic Relationship Storytime and Prank Calls
50,Dramatic Relationship and Family Conflict Stories
51,Dramatic Text Story Narratives with Sibling and Relationship Conflicts
52,Radio Show Relationship Drama and Prank Calls
53,Radio Show Relationship Drama and Pranks
54,Dating Drama and Relationship Misunderstandings
55,Real-life stories of relationship struggles and family dynamics
56,Wedding stories and humor for future brides and planners
57,Wedding Mishaps and Humor Stories
58,Brooke and Jubal Radio Show Storytime Highlights
59,Radio Show Pranks and Relationship Drama
60,Reddit Storytelling and Satisfying Content Compilation
61,Reddit Storytime and Satisfying Content Compilation
62,Reddit Storytime and Satisfying Content Compilation
63,Legal and Medical Negligence Storytelling
64,Reddit-inspired storytelling and life hacks sharing.
65,Reddit-inspired storytelling and personal anecdotes sharing.
66,Reddit-inspired storytelling and personal anecdotes sharing.
67,"""Debunking Romanticized Realities Through Reddit Stories"""
68,Reddit Storytelling and Satisfying Content Compilation
69,Reddit-inspired storytelling and personal anecdotes sharing.
70,Personal anecdotes and life lessons from Reddit stories
71,Reddit-inspired storytelling and personal anecdotes sharing.
72,Random Facts and Anecdotes from Reddit Threads
73,Reddit-inspired storytelling and intriguing trivia discussions.
74,Reddit-inspired storytelling and life advice sharing.
75,Sibling and relationship drama text stories.
76,Reddit Storytime Narratives and Personal Anecdotes
77,Appeals for TikTok video review and growth support.
78,Brooke and Jubal Radio Show Storytime Narratives
79,Dramatic storytelling and relationship dilemmas.
80,Radio Show Storytime and Relationship Drama
